8.52
21
5.15
19.4
3.31
58
11.6
76.7
59.3
75.2333333333333
83.4333333333333
10.4
14
6.04
33.4
16.4
58.1
59.4333333333333
5.96
50.4
53.4
15.5
45
3.45
56.2
11.6
19.3
4.06
6.66
33.9666666666667
18.9333333333333
21.5
22.0333333333333
30.1
25.1333333333333
19.4333333333333
1.08666666666667
87.3333333333333
34.8333333333333
36.1333333333333
83.7
69.4666666666667
79.8
83.7333333333333
90.8666666666667
74.9
4.58
79.7333333333333
43.0666666666667
9.00666666666667
88.0666666666667
65.6333333333333
11.8
20
7.17
17.4
7.58
34.4
12.9
37.6
26.7666666666667
33.1
30.2666666666667
12.5
15.3
11.1
36.4
17.8
38
31.0333333333333
12.2
33.8
47.3
14.9
44.8
7.32
37.4
14.1
13.6
8.69
11.9
25.4
20.3333333333333
17.6
13.27
14
22.7333333333333
17.1333333333333
3.71333333333333
36.2333333333333
17
16.1333333333333
52.8
39.9666666666667
47.1
46.1
29.8
28.9
6.25333333333333
38.7666666666667
34.5333333333333
8.92666666666667
32.5666666666667
14.3666666666667
